- OS: Windows-10-10.0.22631-SP0 10.0.22631
- Python: 3.9.18
- Stable-Baselines3: 2.3.2
- PyTorch: 2.1.0+cu121
- GPU Enabled: True
- Numpy: 1.26.0
- Cloudpickle: 3.0.0
- Gymnasium: 0.29.1
- OpenAI Gym: 0.26.2
